tHjgen0:0.0132473882771
tHjgen1:0.0118721790134
tHjgen2:0.00997898808233
tHjgen3:0.00746394544001
tHjgen4:0.0040040389913
tHjgen5:0.000643864701237
