ttHgen0:0.0530525859571
ttHgen1:0.0472618825815
ttHgen2:0.0392337055167
ttHgen3:0.0278818345971
ttHgen4:0.0141882242091
ttHgen5:0.00426288373122
