VHgen0:0.0165863149378
VHgen1:0.012328663897
VHgen2:0.00774755197694
VHgen3:0.0034957241269
VHgen4:0.00024199147094
VHgen5:-0.000891282290079
